2.90e+02
-8.78e+02
5.19e+02
7.99e+02
-9.04e+02
1.54e+02
4.29e+01
-5.51e+02
2.36e+02
-7.95e+02
2.62e+02
3.20e+02
9.88e+01
9.85e+02
4.18e+02
5.73e+02
-4.45e+02
8.35e+02
-3.76e+02
4.56e+02
9.99e+01
5.50e+02
6.50e+02
1.97e+02
4.24e+02
9.22e+02
-4.60e+02
-5.92e+02
-5.33e+02
8.18e+02
-3.76e+02
-7.08e+02
-9.73e+02
-3.90e+02
-5.10e+02
9.92e+02
-1.75e+01
7.60e+02
-5.34e+02
3.69e+02
-8.14e+02
-6.21e+02
1.97e+02
5.47e+02
-8.97e+02
-4.23e+02
-1.43e+02
5.13e+02
-7.56e+02
3.99e+02
-4.28e+02
-8.96e+02
-5.35e+02
1.81e+02
-3.92e+02
6.77e+02
1.95e+02
1.26e+02
-9.64e+01
-2.04e+02
-3.55e+02
9.14e+02
-5.22e+02
-7.82e+02
-9.27e+02
-8.41e+02
3.12e+02
5.24e+02
1.64e+02
-4.71e+02
2.43e+02
-3.16e+02
-4.21e+02
-6.62e+02
4.39e+02
8.73e+02
7.50e+02
-5.81e+02
2.18e+01
8.60e+02
-3.33e+01
9.93e+01
-6.06e+02
-7.29e+02
8.39e+02
8.65e+01
8.39e+02
-9.52e+02
1.74e+02
-9.28e+02
-5.06e+01
4.08e+02
-6.57e+02
-1.23e+02
4.51e+02
6.16e+02
2.07e+02
9.35e+02
-1.33e+01
8.96e+02
